0, 1, 511
0, 2, 720
0, 3, 207
0, 4, 931
0, 5, 817
0, 6, 566
0, 7, 655
0, 8, 590
0, 9, 87
0, 10, 308
0, 11, 632
0, 12, 296
0, 13, 25
0, 14, 223
0, 15, 211
0, 16, 635
0, 17, 806
0, 18, 409
0, 19, 180
0, 20, 95
0, 21, 667
0, 22, 332
0, 23, 677
0, 24, 150
0, 25, 229
0, 26, 340
0, 27, 334
0, 28, 468
0, 29, 886
0, 30, 711
0, 31, 855
0, 32, 177
0, 33, 985
0, 34, 434
0, 35, 875
0, 36, 16
0, 37, 761
0, 38, 160
0, 39, 247
0, 40, 808
0, 41, 239
0, 42, 988
0, 43, 285
0, 44, 309
0, 45, 671
0, 46, 528
0, 47, 588
0, 48, 575
0, 49, 360
0, 50, 503
0, 51, 432
0, 52, 20
0, 53, 613
0, 54, 663
0, 55, 949
0, 56, 614
0, 57, 947
0, 58, 339
0, 59, 842
0, 60, 710
0, 61, 920
0, 62, 873
0, 63, 436
0, 64, 637
0, 65, 681
0, 66, 322
0, 67, 322
0, 68, 796
0, 69, 382
0, 70, 522
0, 71, 396
0, 72, 821
0, 73, 638
0, 74, 192
0, 75, 675
0, 76, 941
0, 77, 330
0, 78, 129
0, 79, 863
0, 80, 568
0, 81, 661
0, 82, 326
0, 83, 515
0, 84, 913
0, 85, 317
0, 86, 813
0, 87, 10
0, 88, 232
0, 89, 683
0, 90, 536
0, 91, 791
0, 92, 705
0, 93, 62
0, 94, 993
0, 95, 801
0, 96, 800
0, 97, 178
0, 98, 716
0, 99, 855
1, 2, 405
1, 3, 392
1, 4, 380
1, 5, 32
1, 6, 943
1, 7, 412
1, 8, 488
1, 9, 187
1, 10, 660
1, 11, 931
1, 12, 351
1, 13, 602
1, 14, 208
1, 15, 22
1, 16, 299
1, 17, 92
1, 18, 644
1, 19, 793
1, 20, 188
1, 21, 147
1, 22, 724
1, 23, 20
1, 24, 135
1, 25, 915
1, 26, 349
1, 27, 46
1, 28, 159
1, 29, 420
1, 30, 283
1, 31, 492
1, 32, 983
1, 33, 616
1, 34, 970
1, 35, 470
1, 36, 649
1, 37, 836
1, 38, 161
1, 39, 628
1, 40, 393
1, 41, 848
1, 42, 836
1, 43, 888
1, 44, 281
1, 45, 430
1, 46, 179
1, 47, 502
1, 48, 622
1, 49, 47
1, 50, 407
1, 51, 76
1, 52, 991
1, 53, 43
1, 54, 572
1, 55, 50
1, 56, 670
1, 57, 884
1, 58, 142
1, 59, 973
1, 60, 634
1, 61, 801
1, 62, 853
1, 63, 966
1, 64, 881
1, 65, 163
1, 66, 174
1, 67, 87
1, 68, 150
1, 69, 33
1, 70, 394
1, 71, 718
1, 72, 36
1, 73, 898
1, 74, 252
1, 75, 717
1, 76, 709
1, 77, 44
1, 78, 339
1, 79, 720
1, 80, 718
1, 81, 778
1, 82, 66
1, 83, 13
1, 84, 393
1, 85, 99
1, 86, 181
1, 87, 180
1, 88, 732
1, 89, 244
1, 90, 380
1, 91, 222
1, 92, 471
1, 93, 894
1, 94, 18
1, 95, 752
1, 96, 717
1, 97, 656
1, 98, 873
1, 99, 911
2, 3, 112
2, 4, 258
2, 5, 85
2, 6, 839
2, 7, 211
2, 8, 690
2, 9, 377
2, 10, 773
2, 11, 666
2, 12, 771
2, 13, 599
2, 14, 910
2, 15, 455
2, 16, 39
2, 17, 309
2, 18, 607
2, 19, 442
2, 20, 969
2, 21, 601
2, 22, 360
2, 23, 432
2, 24, 73
2, 25, 861
2, 26, 725
2, 27, 76
2, 28, 292
2, 29, 975
2, 30, 500
2, 31, 932
2, 32, 978
2, 33, 10
2, 34, 293
2, 35, 268
2, 36, 165
2, 37, 870
2, 38, 314
2, 39, 115
2, 40, 513
2, 41, 393
2, 42, 717
2, 43, 611
2, 44, 273
2, 45, 80
2, 46, 527
2, 47, 362
2, 48, 901
2, 49, 423
2, 50, 984
2, 51, 977
2, 52, 88
2, 53, 854
2, 54, 596
2, 55, 461
2, 56, 803
2, 57, 81
2, 58, 231
2, 59, 725
2, 60, 580
2, 61, 240
2, 62, 462
2, 63, 5
2, 64, 681
2, 65, 707
2, 66, 397
2, 67, 637
2, 68, 316
2, 69, 349
2, 70, 863
2, 71, 608
2, 72, 487
2, 73, 217
2, 74, 931
2, 75, 960
2, 76, 275
2, 77, 454
2, 78, 45
2, 79, 484
2, 80, 681
2, 81, 969
2, 82, 413
2, 83, 503
2, 84, 772
2, 85, 500
2, 86, 603
2, 87, 143
2, 88, 565
2, 89, 496
2, 90, 822
2, 91, 670
2, 92, 240
2, 93, 316
2, 94, 82
2, 95, 105
2, 96, 252
2, 97, 960
2, 98, 510
2, 99, 343
3, 4, 270
3, 5, 31
3, 6, 61
3, 7, 923
3, 8, 534
3, 9, 139
3, 10, 892
3, 11, 996
3, 12, 908
3, 13, 65
3, 14, 20
3, 15, 536
3, 16, 823
3, 17, 890
3, 18, 469
3, 19, 805
3, 20, 510
3, 21, 548
3, 22, 403
3, 23, 572
3, 24, 411
3, 25, 347
3, 26, 424
3, 27, 114
3, 28, 41
3, 29, 414
3, 30, 140
3, 31, 806
3, 32, 912
3, 33, 922
3, 34, 101
3, 35, 748
3, 36, 966
3, 37, 702
3, 38, 385
3, 39, 421
3, 40, 72
3, 41, 421
3, 42, 377
3, 43, 852
3, 44, 125
3, 45, 609
3, 46, 835
3, 47, 776
3, 48, 488
3, 49, 810
3, 50, 787
3, 51, 253
3, 52, 212
3, 53, 932
3, 54, 614
3, 55, 316
3, 56, 920
3, 57, 520
3, 58, 799
3, 59, 836
3, 60, 41
3, 61, 64
3, 62, 455
3, 63, 136
3, 64, 21
3, 65, 485
3, 66, 100
3, 67, 675
3, 68, 207
3, 69, 598
3, 70, 209
3, 71, 573
3, 72, 932
3, 73, 902
3, 74, 166
3, 75, 313
3, 76, 970
3, 77, 551
3, 78, 910
3, 79, 925
3, 80, 330
3, 81, 601
3, 82, 753
3, 83, 467
3, 84, 200
3, 85, 251
3, 86, 720
3, 87, 320
3, 88, 663
3, 89, 359
3, 90, 430
3, 91, 522
3, 92, 356
3, 93, 28
3, 94, 524
3, 95, 657
3, 96, 467
3, 97, 162
3, 98, 696
3, 99, 213
4, 5, 888
4, 6, 463
4, 7, 889
4, 8, 644
4, 9, 769
4, 10, 543
4, 11, 98
4, 12, 627
4, 13, 953
4, 14, 390
4, 15, 330
4, 16, 443
4, 17, 470
4, 18, 533
4, 19, 105
4, 20, 928
4, 21, 409
4, 22, 930
4, 23, 507
4, 24, 653
4, 25, 33
4, 26, 423
4, 27, 717
4, 28, 89
4, 29, 558
4, 30, 24
4, 31, 485
4, 32, 371
4, 33, 227
4, 34, 909
4, 35, 839
4, 36, 801
4, 37, 880
4, 38, 347
4, 39, 175
4, 40, 910
4, 41, 637
4, 42, 493
4, 43, 948
4, 44, 507
4, 45, 71
4, 46, 363
4, 47, 799
4, 48, 89
4, 49, 92
4, 50, 275
4, 51, 796
4, 52, 891
4, 53, 721
4, 54, 664
4, 55, 273
4, 56, 147
4, 57, 65
4, 58, 596
4, 59, 668
4, 60, 952
4, 61, 754
4, 62, 539
4, 63, 536
4, 64, 328
4, 65, 363
4, 66, 73
4, 67, 939
4, 68, 137
4, 69, 702
4, 70, 879
4, 71, 576
4, 72, 186
4, 73, 610
4, 74, 142
4, 75, 61
4, 76, 450
4, 77, 452
4, 78, 140
4, 79, 48
4, 80, 942
4, 81, 308
4, 82, 356
4, 83, 316
4, 84, 231
4, 85, 37
4, 86, 640
4, 87, 404
4, 88, 672
4, 89, 30
4, 90, 21
4, 91, 395
4, 92, 759
4, 93, 503
4, 94, 717
4, 95, 818
4, 96, 12
4, 97, 800
4, 98, 915
4, 99, 61
5, 6, 795
5, 7, 26
5, 8, 849
5, 9, 739
5, 10, 605
5, 11, 663
5, 12, 526
5, 13, 179
5, 14, 989
5, 15, 210
5, 16, 676
5, 17, 496
5, 18, 295
5, 19, 417
5, 20, 891
5, 21, 847
5, 22, 426
5, 23, 514
5, 24, 959
5, 25, 107
5, 26, 194
5, 27, 278
5, 28, 430
5, 29, 262
5, 30, 439
5, 31, 465
5, 32, 773
5, 33, 23
5, 34, 562
5, 35, 55
5, 36, 349
5, 37, 715
5, 38, 277
5, 39, 804
5, 40, 820
5, 41, 275
5, 42, 548
5, 43, 33
5, 44, 634
5, 45, 665
5, 46, 911
5, 47, 220
5, 48, 509
5, 49, 104
5, 50, 894
5, 51, 184
5, 52, 205
5, 53, 916
5, 54, 134
5, 55, 268
5, 56, 175
5, 57, 287
5, 58, 423
5, 59, 659
5, 60, 672
5, 61, 120
5, 62, 742
5, 63, 223
5, 64, 846
5, 65, 588
5, 66, 707
5, 67, 477
5, 68, 433
5, 69, 455
5, 70, 902
5, 71, 896
5, 72, 439
5, 73, 103
5, 74, 854
5, 75, 429
5, 76, 777
5, 77, 764
5, 78, 353
5, 79, 220
5, 80, 78
5, 81, 562
5, 82, 587
5, 83, 104
5, 84, 763
5, 85, 865
5, 86, 70
5, 87, 910
5, 88, 234
5, 89, 783
5, 90, 550
5, 91, 541
5, 92, 922
5, 93, 737
5, 94, 615
5, 95, 258
5, 96, 800
5, 97, 397
5, 98, 356
5, 99, 629
6, 7, 876
6, 8, 172
6, 9, 463
6, 10, 643
6, 11, 859
6, 12, 718
6, 13, 53
6, 14, 870
6, 15, 805
6, 16, 113
6, 17, 233
6, 18, 614
6, 19, 594
6, 20, 496
6, 21, 354
6, 22, 465
6, 23, 21
6, 24, 536
6, 25, 9
6, 26, 265
6, 27, 475
6, 28, 679
6, 29, 788
6, 30, 380
6, 31, 694
6, 32, 922
6, 33, 798
6, 34, 499
6, 35, 848
6, 36, 981
6, 37, 41
6, 38, 303
6, 39, 752
6, 40, 458
6, 41, 541
6, 42, 392
6, 43, 388
6, 44, 79
6, 45, 121
6, 46, 126
6, 47, 932
6, 48, 503
6, 49, 649
6, 50, 728
6, 51, 241
6, 52, 478
6, 53, 830
6, 54, 451
6, 55, 257
6, 56, 156
6, 57, 99
6, 58, 849
6, 59, 152
6, 60, 133
6, 61, 462
6, 62, 798
6, 63, 863
6, 64, 103
6, 65, 416
6, 66, 977
6, 67, 864
6, 68, 620
6, 69, 40
6, 70, 453
6, 71, 579
6, 72, 882
6, 73, 820
6, 74, 665
6, 75, 34
6, 76, 400
6, 77, 633
6, 78, 209
6, 79, 734
6, 80, 190
6, 81, 771
6, 82, 458
6, 83, 646
6, 84, 844
6, 85, 580
6, 86, 162
6, 87, 525
6, 88, 422
6, 89, 178
6, 90, 853
6, 91, 739
6, 92, 952
6, 93, 857
6, 94, 583
6, 95, 74
6, 96, 359
6, 97, 670
6, 98, 525
6, 99, 16
7, 8, 418
7, 9, 629
7, 10, 596
7, 11, 828
7, 12, 973
7, 13, 72
7, 14, 142
7, 15, 364
7, 16, 472
7, 17, 384
7, 18, 549
7, 19, 985
7, 20, 227
7, 21, 417
7, 22, 392
7, 23, 792
7, 24, 76
7, 25, 5
7, 26, 912
7, 27, 29
7, 28, 164
7, 29, 937
7, 30, 494
7, 31, 424
7, 32, 706
7, 33, 336
7, 34, 635
7, 35, 254
7, 36, 731
7, 37, 342
7, 38, 593
7, 39, 311
7, 40, 637
7, 41, 423
7, 42, 758
7, 43, 677
7, 44, 873
7, 45, 254
7, 46, 301
7, 47, 277
7, 48, 879
7, 49, 214
7, 50, 603
7, 51, 488
7, 52, 262
7, 53, 449
7, 54, 749
7, 55, 474
7, 56, 851
7, 57, 882
7, 58, 791
7, 59, 106
7, 60, 962
7, 61, 551
7, 62, 114
7, 63, 884
7, 64, 993
7, 65, 791
7, 66, 475
7, 67, 456
7, 68, 221
7, 69, 147
7, 70, 241
7, 71, 948
7, 72, 825
7, 73, 436
7, 74, 236
7, 75, 91
7, 76, 849
7, 77, 190
7, 78, 390
7, 79, 267
7, 80, 622
7, 81, 270
7, 82, 780
7, 83, 97
7, 84, 26
7, 85, 634
7, 86, 951
7, 87, 876
7, 88, 729
7, 89, 414
7, 90, 666
7, 91, 401
7, 92, 328
7, 93, 23
7, 94, 686
7, 95, 510
7, 96, 514
7, 97, 205
7, 98, 973
7, 99, 106
8, 9, 290
8, 10, 42
8, 11, 353
8, 12, 114
8, 13, 723
8, 14, 488
8, 15, 739
8, 16, 76
8, 17, 483
8, 18, 528
8, 19, 763
8, 20, 481
8, 21, 774
8, 22, 450
8, 23, 325
8, 24, 128
8, 25, 480
8, 26, 163
8, 27, 912
8, 28, 431
8, 29, 187
8, 30, 83
8, 31, 851
8, 32, 50
8, 33, 881
8, 34, 234
8, 35, 368
8, 36, 721
8, 37, 616
8, 38, 749
8, 39, 742
8, 40, 137
8, 41, 747
8, 42, 922
8, 43, 309
8, 44, 176
8, 45, 363
8, 46, 984
8, 47, 790
8, 48, 640
8, 49, 385
8, 50, 120
8, 51, 142
8, 52, 512
8, 53, 550
8, 54, 12
8, 55, 139
8, 56, 849
8, 57, 947
8, 58, 989
8, 59, 439
8, 60, 238
8, 61, 125
8, 62, 744
8, 63, 70
8, 64, 782
8, 65, 565
8, 66, 606
8, 67, 611
8, 68, 391
8, 69, 109
8, 70, 740
8, 71, 388
8, 72, 966
8, 73, 695
8, 74, 3
8, 75, 214
8, 76, 585
8, 77, 228
8, 78, 347
8, 79, 871
8, 80, 816
8, 81, 992
8, 82, 569
8, 83, 631
8, 84, 722
8, 85, 668
8, 86, 615
8, 87, 872
8, 88, 51
8, 89, 357
8, 90, 358
8, 91, 334
8, 92, 17
8, 93, 624
8, 94, 946
8, 95, 286
8, 96, 346
8, 97, 445
8, 98, 734
8, 99, 593
9, 10, 878
9, 11, 104
9, 12, 346
9, 13, 946
9, 14, 43
9, 15, 823
9, 16, 233
9, 17, 554
9, 18, 949
9, 19, 504
9, 20, 656
9, 21, 976
9, 22, 446
9, 23, 517
9, 24, 578
9, 25, 284
9, 26, 819
9, 27, 679
9, 28, 943
9, 29, 423
9, 30, 186
9, 31, 872
9, 32, 531
9, 33, 231
9, 34, 500
9, 35, 401
9, 36, 530
9, 37, 818
9, 38, 124
9, 39, 791
9, 40, 212
9, 41, 246
9, 42, 285
9, 43, 119
9, 44, 543
9, 45, 941
9, 46, 597
9, 47, 802
9, 48, 232
9, 49, 935
9, 50, 611
9, 51, 900
9, 52, 637
9, 53, 757
9, 54, 212
9, 55, 107
9, 56, 878
9, 57, 866
9, 58, 700
9, 59, 533
9, 60, 860
9, 61, 625
9, 62, 428
9, 63, 914
9, 64, 467
9, 65, 466
9, 66, 837
9, 67, 731
9, 68, 434
9, 69, 920
9, 70, 271
9, 71, 425
9, 72, 21
9, 73, 500
9, 74, 485
9, 75, 877
9, 76, 614
9, 77, 811
9, 78, 825
9, 79, 373
9, 80, 707
9, 81, 391
9, 82, 120
9, 83, 463
9, 84, 337
9, 85, 425
9, 86, 818
9, 87, 535
9, 88, 679
9, 89, 799
9, 90, 940
9, 91, 945
9, 92, 859
9, 93, 128
9, 94, 849
9, 95, 306
9, 96, 723
9, 97, 368
9, 98, 386
9, 99, 988
10, 11, 552
10, 12, 276
10, 13, 91
10, 14, 63
10, 15, 435
10, 16, 516
10, 17, 763
10, 18, 986
10, 19, 774
10, 20, 871
10, 21, 152
10, 22, 8
10, 23, 974
10, 24, 411
10, 25, 799
10, 26, 375
10, 27, 423
10, 28, 537
10, 29, 825
10, 30, 486
10, 31, 230
10, 32, 766
10, 33, 979
10, 34, 201
10, 35, 428
10, 36, 681
10, 37, 815
10, 38, 176
10, 39, 811
10, 40, 882
10, 41, 348
10, 42, 671
10, 43, 131
10, 44, 881
10, 45, 195
10, 46, 692
10, 47, 119
10, 48, 780
10, 49, 673
10, 50, 873
10, 51, 562
10, 52, 835
10, 53, 843
10, 54, 257
10, 55, 96
10, 56, 247
10, 57, 164
10, 58, 521
10, 59, 690
10, 60, 180
10, 61, 485
10, 62, 151
10, 63, 887
10, 64, 590
10, 65, 921
10, 66, 197
10, 67, 932
10, 68, 698
10, 69, 443
10, 70, 426
10, 71, 531
10, 72, 937
10, 73, 675
10, 74, 374
10, 75, 62
10, 76, 620
10, 77, 349
10, 78, 251
10, 79, 386
10, 80, 814
10, 81, 579
10, 82, 335
10, 83, 310
10, 84, 668
10, 85, 195
10, 86, 927
10, 87, 10
10, 88, 383
10, 89, 130
10, 90, 982
10, 91, 850
10, 92, 653
10, 93, 103
10, 94, 697
10, 95, 899
10, 96, 169
10, 97, 7
10, 98, 261
10, 99, 922
11, 12, 255
11, 13, 424
11, 14, 804
11, 15, 271
11, 16, 709
11, 17, 617
11, 18, 731
11, 19, 357
11, 20, 59
11, 21, 586
11, 22, 429
11, 23, 611
11, 24, 876
11, 25, 385
11, 26, 551
11, 27, 327
11, 28, 209
11, 29, 23
11, 30, 593
11, 31, 518
11, 32, 295
11, 33, 457
11, 34, 854
11, 35, 833
11, 36, 399
11, 37, 420
11, 38, 845
11, 39, 35
11, 40, 986
11, 41, 210
11, 42, 734
11, 43, 360
11, 44, 120
11, 45, 495
11, 46, 992
11, 47, 369
11, 48, 206
11, 49, 525
11, 50, 423
11, 51, 137
11, 52, 195
11, 53, 351
11, 54, 668
11, 55, 944
11, 56, 88
11, 57, 135
11, 58, 378
11, 59, 689
11, 60, 882
11, 61, 51
11, 62, 267
11, 63, 889
11, 64, 319
11, 65, 753
11, 66, 313
11, 67, 947
11, 68, 820
11, 69, 928
11, 70, 18
11, 71, 847
11, 72, 147
11, 73, 308
11, 74, 978
11, 75, 146
11, 76, 616
11, 77, 373
11, 78, 988
11, 79, 894
11, 80, 248
11, 81, 56
11, 82, 846
11, 83, 920
11, 84, 490
11, 85, 63
11, 86, 134
11, 87, 846
11, 88, 393
11, 89, 520
11, 90, 315
11, 91, 233
11, 92, 48
11, 93, 567
11, 94, 118
11, 95, 313
11, 96, 330
11, 97, 266
11, 98, 739
11, 99, 876
12, 13, 214
12, 14, 939
12, 15, 636
12, 16, 43
12, 17, 819
12, 18, 170
12, 19, 581
12, 20, 697
12, 21, 172
12, 22, 128
12, 23, 70
12, 24, 400
12, 25, 963
12, 26, 325
12, 27, 893
12, 28, 389
12, 29, 705
12, 30, 5
12, 31, 598
12, 32, 187
12, 33, 314
12, 34, 532
12, 35, 381
12, 36, 251
12, 37, 415
12, 38, 154
12, 39, 581
12, 40, 462
12, 41, 6
12, 42, 515
12, 43, 237
12, 44, 349
12, 45, 408
12, 46, 3
12, 47, 428
12, 48, 352
12, 49, 596
12, 50, 998
12, 51, 793
12, 52, 426
12, 53, 17
12, 54, 856
12, 55, 234
12, 56, 748
12, 57, 601
12, 58, 797
12, 59, 747
12, 60, 347
12, 61, 49
12, 62, 893
12, 63, 158
12, 64, 877
12, 65, 368
12, 66, 43
12, 67, 171
12, 68, 681
12, 69, 792
12, 70, 726
12, 71, 465
12, 72, 779
12, 73, 197
12, 74, 344
12, 75, 664
12, 76, 197
12, 77, 264
12, 78, 5
12, 79, 103
12, 80, 542
12, 81, 275
12, 82, 990
12, 83, 203
12, 84, 25
12, 85, 458
12, 86, 457
12, 87, 176
12, 88, 52
12, 89, 112
12, 90, 876
12, 91, 623
12, 92, 80
12, 93, 969
12, 94, 572
12, 95, 169
12, 96, 850
12, 97, 118
12, 98, 937
12, 99, 576
13, 14, 998
13, 15, 17
13, 16, 643
13, 17, 253
13, 18, 859
13, 19, 680
13, 20, 431
13, 21, 782
13, 22, 476
13, 23, 837
13, 24, 946
13, 25, 181
13, 26, 294
13, 27, 754
13, 28, 897
13, 29, 663
13, 30, 957
13, 31, 709
13, 32, 756
13, 33, 419
13, 34, 641
13, 35, 242
13, 36, 670
13, 37, 694
13, 38, 314
13, 39, 223
13, 40, 2
13, 41, 954
13, 42, 616
13, 43, 961
13, 44, 999
13, 45, 712
13, 46, 623
13, 47, 188
13, 48, 540
13, 49, 27
13, 50, 762
13, 51, 247
13, 52, 759
13, 53, 91
13, 54, 376
13, 55, 297
13, 56, 302
13, 57, 186
13, 58, 964
13, 59, 740
13, 60, 841
13, 61, 89
13, 62, 648
13, 63, 983
13, 64, 450
13, 65, 627
13, 66, 268
13, 67, 498
13, 68, 177
13, 69, 150
13, 70, 955
13, 71, 503
13, 72, 659
13, 73, 678
13, 74, 847
13, 75, 933
13, 76, 560
13, 77, 577
13, 78, 937
13, 79, 757
13, 80, 225
13, 81, 863
13, 82, 632
13, 83, 679
13, 84, 59
13, 85, 815
13, 86, 748
13, 87, 13
13, 88, 949
13, 89, 580
13, 90, 479
13, 91, 257
13, 92, 759
13, 93, 699
13, 94, 955
13, 95, 204
13, 96, 269
13, 97, 388
13, 98, 155
13, 99, 84
14, 15, 476
14, 16, 112
14, 17, 823
14, 18, 507
14, 19, 200
14, 20, 102
14, 21, 504
14, 22, 692
14, 23, 603
14, 24, 2
14, 25, 256
14, 26, 743
14, 27, 563
14, 28, 220
14, 29, 4
14, 30, 192
14, 31, 152
14, 32, 378
14, 33, 100
14, 34, 974
14, 35, 930
14, 36, 336
14, 37, 845
14, 38, 857
14, 39, 871
14, 40, 229
14, 41, 944
14, 42, 938
14, 43, 272
14, 44, 59
14, 45, 177
14, 46, 575
14, 47, 778
14, 48, 484
14, 49, 689
14, 50, 171
14, 51, 883
14, 52, 817
14, 53, 59
14, 54, 490
14, 55, 193
14, 56, 677
14, 57, 3
14, 58, 544
14, 59, 968
14, 60, 892
14, 61, 950
14, 62, 561
14, 63, 893
14, 64, 509
14, 65, 174
14, 66, 941
14, 67, 959
14, 68, 884
14, 69, 529
14, 70, 555
14, 71, 718
14, 72, 479
14, 73, 947
14, 74, 269
14, 75, 431
14, 76, 226
14, 77, 183
14, 78, 437
14, 79, 883
14, 80, 997
14, 81, 843
14, 82, 141
14, 83, 370
14, 84, 106
14, 85, 115
14, 86, 250
14, 87, 653
14, 88, 5
14, 89, 415
14, 90, 576
14, 91, 836
14, 92, 272
14, 93, 859
14, 94, 168
14, 95, 662
14, 96, 910
14, 97, 5
14, 98, 846
14, 99, 409
15, 16, 369
15, 17, 4
15, 18, 117
15, 19, 640
15, 20, 683
15, 21, 222
15, 22, 979
15, 23, 555
15, 24, 403
15, 25, 590
15, 26, 640
15, 27, 727
15, 28, 875
15, 29, 818
15, 30, 768
15, 31, 494
15, 32, 116
15, 33, 104
15, 34, 669
15, 35, 315
15, 36, 105
15, 37, 677
15, 38, 701
15, 39, 832
15, 40, 670
15, 41, 960
15, 42, 550
15, 43, 37
15, 44, 716
15, 45, 377
15, 46, 971
15, 47, 915
15, 48, 789
15, 49, 754
15, 50, 998
15, 51, 660
15, 52, 996
15, 53, 284
15, 54, 211
15, 55, 284
15, 56, 666
15, 57, 782
15, 58, 453
15, 59, 314
15, 60, 758
15, 61, 640
15, 62, 868
15, 63, 702
15, 64, 591
15, 65, 847
15, 66, 740
15, 67, 627
15, 68, 618
15, 69, 221
15, 70, 721
15, 71, 930
15, 72, 44
15, 73, 401
15, 74, 649
15, 75, 108
15, 76, 609
15, 77, 498
15, 78, 999
15, 79, 45
15, 80, 467
15, 81, 680
15, 82, 972
15, 83, 274
15, 84, 168
15, 85, 782
15, 86, 647
15, 87, 1
15, 88, 520
15, 89, 953
15, 90, 569
15, 91, 343
15, 92, 828
15, 93, 655
15, 94, 606
15, 95, 466
15, 96, 127
15, 97, 633
15, 98, 571
15, 99, 111
16, 17, 793
16, 18, 740
16, 19, 473
16, 20, 430
16, 21, 136
16, 22, 688
16, 23, 695
16, 24, 360
16, 25, 745
16, 26, 589
16, 27, 374
16, 28, 357
16, 29, 442
16, 30, 979
16, 31, 474
16, 32, 54
16, 33, 767
16, 34, 264
16, 35, 142
16, 36, 690
16, 37, 296
16, 38, 6
16, 39, 703
16, 40, 102
16, 41, 106
16, 42, 478
16, 43, 130
16, 44, 294
16, 45, 990
16, 46, 808
16, 47, 805
16, 48, 650
16, 49, 323
16, 50, 398
16, 51, 778
16, 52, 841
16, 53, 302
16, 54, 604
16, 55, 933
16, 56, 804
16, 57, 5
16, 58, 249
16, 59, 481
16, 60, 515
16, 61, 459
16, 62, 446
16, 63, 789
16, 64, 987
16, 65, 443
16, 66, 17
16, 67, 94
16, 68, 696
16, 69, 770
16, 70, 687
16, 71, 711
16, 72, 534
16, 73, 754
16, 74, 374
16, 75, 12
16, 76, 138
16, 77, 214
16, 78, 527
16, 79, 117
16, 80, 465
16, 81, 661
16, 82, 930
16, 83, 938
16, 84, 805
16, 85, 906
16, 86, 203
16, 87, 99
16, 88, 187
16, 89, 621
16, 90, 217
16, 91, 963
16, 92, 983
16, 93, 545
16, 94, 186
16, 95, 550
16, 96, 26
16, 97, 190
16, 98, 698
16, 99, 164
17, 18, 222
17, 19, 185
17, 20, 588
17, 21, 561
17, 22, 265
17, 23, 509
17, 24, 308
17, 25, 351
17, 26, 78
17, 27, 117
17, 28, 602
17, 29, 209
17, 30, 813
17, 31, 475
17, 32, 602
17, 33, 533
17, 34, 870
17, 35, 820
17, 36, 130
17, 37, 500
17, 38, 923
17, 39, 642
17, 40, 769
17, 41, 253
17, 42, 206
17, 43, 414
17, 44, 735
17, 45, 278
17, 46, 107
17, 47, 804
17, 48, 711
17, 49, 204
17, 50, 957
17, 51, 11
17, 52, 922
17, 53, 856
17, 54, 380
17, 55, 235
17, 56, 737
17, 57, 658
17, 58, 439
17, 59, 581
17, 60, 784
17, 61, 145
17, 62, 374
17, 63, 701
17, 64, 406
17, 65, 849
17, 66, 164
17, 67, 845
17, 68, 297
17, 69, 194
17, 70, 666
17, 71, 587
17, 72, 33
17, 73, 914
17, 74, 427
17, 75, 770
17, 76, 783
17, 77, 548
17, 78, 604
17, 79, 91
17, 80, 640
17, 81, 795
17, 82, 393
17, 83, 867
17, 84, 827
17, 85, 422
17, 86, 791
17, 87, 321
17, 88, 946
17, 89, 622
17, 90, 116
17, 91, 637
17, 92, 456
17, 93, 278
17, 94, 205
17, 95, 817
17, 96, 165
17, 97, 434
17, 98, 205
17, 99, 651
18, 19, 6
18, 20, 134
18, 21, 845
18, 22, 114
18, 23, 158
18, 24, 116
18, 25, 914
18, 26, 972
18, 27, 132
18, 28, 922
18, 29, 669
18, 30, 335
18, 31, 206
18, 32, 659
18, 33, 569
18, 34, 718
18, 35, 650
18, 36, 946
18, 37, 658
18, 38, 524
18, 39, 701
18, 40, 6
18, 41, 60
18, 42, 950
18, 43, 685
18, 44, 902
18, 45, 359
18, 46, 811
18, 47, 464
18, 48, 150
18, 49, 668
18, 50, 437
18, 51, 207
18, 52, 479
18, 53, 870
18, 54, 369
18, 55, 170
18, 56, 892
18, 57, 120
18, 58, 937
18, 59, 440
18, 60, 702
18, 61, 462
18, 62, 153
18, 63, 778
18, 64, 997
18, 65, 353
18, 66, 775
18, 67, 739
18, 68, 133
18, 69, 463
18, 70, 483
18, 71, 479
18, 72, 777
18, 73, 514
18, 74, 381
18, 75, 954
18, 76, 589
18, 77, 319
18, 78, 533
18, 79, 978
18, 80, 592
18, 81, 111
18, 82, 562
18, 83, 849
18, 84, 658
18, 85, 840
18, 86, 869
18, 87, 684
18, 88, 781
18, 89, 601
18, 90, 204
18, 91, 941
18, 92, 355
18, 93, 304
18, 94, 860
18, 95, 287
18, 96, 530
18, 97, 720
18, 98, 89
18, 99, 291
19, 20, 369
19, 21, 562
19, 22, 199
19, 23, 724
19, 24, 365
19, 25, 264
19, 26, 283
19, 27, 318
19, 28, 965
19, 29, 510
19, 30, 373
19, 31, 83
19, 32, 420
19, 33, 831
19, 34, 952
19, 35, 532
19, 36, 480
19, 37, 327
19, 38, 810
19, 39, 907
19, 40, 962
19, 41, 390
19, 42, 408
19, 43, 399
19, 44, 695
19, 45, 562
19, 46, 462
19, 47, 996
19, 48, 103
19, 49, 946
19, 50, 421
19, 51, 45
19, 52, 959
19, 53, 60
19, 54, 558
19, 55, 389
19, 56, 244
19, 57, 410
19, 58, 948
19, 59, 7
19, 60, 200
19, 61, 286
19, 62, 830
19, 63, 811
19, 64, 307
19, 65, 136
19, 66, 80
19, 67, 141
19, 68, 773
19, 69, 866
19, 70, 556
19, 71, 853
19, 72, 887
19, 73, 679
19, 74, 842
19, 75, 369
19, 76, 298
19, 77, 221
19, 78, 552
19, 79, 909
19, 80, 688
19, 81, 564
19, 82, 903
19, 83, 85
19, 84, 341
19, 85, 931
19, 86, 902
19, 87, 760
19, 88, 231
19, 89, 510
19, 90, 309
19, 91, 78
19, 92, 450
19, 93, 985
19, 94, 450
19, 95, 868
19, 96, 132
19, 97, 647
19, 98, 950
19, 99, 4
20, 21, 944
20, 22, 483
20, 23, 533
20, 24, 624
20, 25, 580
20, 26, 926
20, 27, 844
20, 28, 796
20, 29, 67
20, 30, 666
20, 31, 664
20, 32, 225
20, 33, 232
20, 34, 206
20, 35, 966
20, 36, 228
20, 37, 805
20, 38, 235
20, 39, 685
20, 40, 170
20, 41, 18
20, 42, 218
20, 43, 472
20, 44, 953
20, 45, 632
20, 46, 222
20, 47, 801
20, 48, 80
20, 49, 823
20, 50, 980
20, 51, 525
20, 52, 106
20, 53, 164
20, 54, 254
20, 55, 334
20, 56, 806
20, 57, 851
20, 58, 689
20, 59, 671
20, 60, 359
20, 61, 900
20, 62, 731
20, 63, 614
20, 64, 432
20, 65, 415
20, 66, 606
20, 67, 339
20, 68, 498
20, 69, 861
20, 70, 776
20, 71, 570
20, 72, 752
20, 73, 271
20, 74, 810
20, 75, 449
20, 76, 532
20, 77, 762
20, 78, 371
20, 79, 89
20, 80, 30
20, 81, 535
20, 82, 834
20, 83, 835
20, 84, 716
20, 85, 4
20, 86, 498
20, 87, 515
20, 88, 194
20, 89, 840
20, 90, 347
20, 91, 415
20, 92, 885
20, 93, 771
20, 94, 253
20, 95, 599
20, 96, 430
20, 97, 776
20, 98, 582
20, 99, 388
21, 22, 967
21, 23, 958
21, 24, 827
21, 25, 323
21, 26, 353
21, 27, 974
21, 28, 380
21, 29, 173
21, 30, 706
21, 31, 714
21, 32, 508
21, 33, 235
21, 34, 283
21, 35, 460
21, 36, 823
21, 37, 784
21, 38, 453
21, 39, 379
21, 40, 863
21, 41, 422
21, 42, 810
21, 43, 805
21, 44, 303
21, 45, 513
21, 46, 495
21, 47, 168
21, 48, 139
21, 49, 232
21, 50, 355
21, 51, 767
21, 52, 32
21, 53, 417
21, 54, 654
21, 55, 169
21, 56, 111
21, 57, 836
21, 58, 337
21, 59, 432
21, 60, 298
21, 61, 72
21, 62, 156
21, 63, 980
21, 64, 304
21, 65, 380
21, 66, 645
21, 67, 347
21, 68, 255
21, 69, 669
21, 70, 817
21, 71, 632
21, 72, 749
21, 73, 852
21, 74, 196
21, 75, 406
21, 76, 399
21, 77, 317
21, 78, 355
21, 79, 489
21, 80, 939
21, 81, 356
21, 82, 947
21, 83, 454
21, 84, 932
21, 85, 893
21, 86, 768
21, 87, 682
21, 88, 825
21, 89, 1
21, 90, 828
21, 91, 62
21, 92, 123
21, 93, 835
21, 94, 316
21, 95, 525
21, 96, 172
21, 97, 852
21, 98, 133
21, 99, 993
22, 23, 211
22, 24, 873
22, 25, 301
22, 26, 739
22, 27, 466
22, 28, 909
22, 29, 761
22, 30, 756
22, 31, 543
22, 32, 938
22, 33, 723
22, 34, 693
22, 35, 435
22, 36, 564
22, 37, 241
22, 38, 114
22, 39, 886
22, 40, 331
22, 41, 471
22, 42, 981
22, 43, 454
22, 44, 146
22, 45, 571
22, 46, 979
22, 47, 43
22, 48, 442
22, 49, 90
22, 50, 197
22, 51, 382
22, 52, 613
22, 53, 615
22, 54, 851
22, 55, 452
22, 56, 862
22, 57, 350
22, 58, 654
22, 59, 947
22, 60, 51
22, 61, 318
22, 62, 107
22, 63, 31
22, 64, 881
22, 65, 144
22, 66, 246
22, 67, 419
22, 68, 885
22, 69, 583
22, 70, 115
22, 71, 523
22, 72, 959
22, 73, 705
22, 74, 776
22, 75, 785
22, 76, 130
22, 77, 839
22, 78, 969
22, 79, 428
22, 80, 406
22, 81, 748
22, 82, 580
22, 83, 801
22, 84, 453
22, 85, 208
22, 86, 776
22, 87, 628
22, 88, 721
22, 89, 496
22, 90, 697
22, 91, 95
22, 92, 810
22, 93, 212
22, 94, 582
22, 95, 971
22, 96, 764
22, 97, 103
22, 98, 958
22, 99, 314
23, 24, 273
23, 25, 260
23, 26, 328
23, 27, 681
23, 28, 285
23, 29, 454
23, 30, 613
23, 31, 223
23, 32, 841
23, 33, 769
23, 34, 238
23, 35, 951
23, 36, 79
23, 37, 480
23, 38, 399
23, 39, 874
23, 40, 295
23, 41, 602
23, 42, 576
23, 43, 4
23, 44, 596
23, 45, 414
23, 46, 874
23, 47, 393
23, 48, 22
23, 49, 44
23, 50, 117
23, 51, 434
23, 52, 830
23, 53, 489
23, 54, 143
23, 55, 109
23, 56, 250
23, 57, 968
23, 58, 202
23, 59, 178
23, 60, 61
23, 61, 220
23, 62, 891
23, 63, 963
23, 64, 871
23, 65, 637
23, 66, 930
23, 67, 582
23, 68, 5
23, 69, 413
23, 70, 645
23, 71, 167
23, 72, 437
23, 73, 848
23, 74, 752
23, 75, 294
23, 76, 805
23, 77, 463
23, 78, 594
23, 79, 53
23, 80, 956
23, 81, 471
23, 82, 935
23, 83, 854
23, 84, 960
23, 85, 926
23, 86, 22
23, 87, 137
23, 88, 770
23, 89, 247
23, 90, 850
23, 91, 527
23, 92, 966
23, 93, 970
23, 94, 10
23, 95, 462
23, 96, 398
23, 97, 512
23, 98, 188
23, 99, 56
24, 25, 167
24, 26, 375
24, 27, 998
24, 28, 841
24, 29, 607
24, 30, 427
24, 31, 617
24, 32, 238
24, 33, 208
24, 34, 280
24, 35, 52
24, 36, 782
24, 37, 738
24, 38, 331
24, 39, 710
24, 40, 380
24, 41, 844
24, 42, 968
24, 43, 883
24, 44, 882
24, 45, 255
24, 46, 530
24, 47, 99
24, 48, 862
24, 49, 851
24, 50, 328
24, 51, 7
24, 52, 841
24, 53, 160
24, 54, 841
24, 55, 322
24, 56, 491
24, 57, 617
24, 58, 385
24, 59, 145
24, 60, 190
24, 61, 851
24, 62, 343
24, 63, 600
24, 64, 579
24, 65, 409
24, 66, 271
24, 67, 748
24, 68, 191
24, 69, 713
24, 70, 399
24, 71, 761
24, 72, 36
24, 73, 379
24, 74, 588
24, 75, 372
24, 76, 797
24, 77, 915
24, 78, 297
24, 79, 425
24, 80, 551
24, 81, 76
24, 82, 552
24, 83, 224
24, 84, 484
24, 85, 583
24, 86, 236
24, 87, 213
24, 88, 714
24, 89, 743
24, 90, 728
24, 91, 702
24, 92, 81
24, 93, 57
24, 94, 559
24, 95, 634
24, 96, 613
24, 97, 418
24, 98, 383
24, 99, 890
25, 26, 150
25, 27, 225
25, 28, 590
25, 29, 272
25, 30, 963
25, 31, 385
25, 32, 171
25, 33, 567
25, 34, 941
25, 35, 64
25, 36, 209
25, 37, 333
25, 38, 306
25, 39, 360
25, 40, 993
25, 41, 261
25, 42, 87
25, 43, 643
25, 44, 586
25, 45, 610
25, 46, 817
25, 47, 473
25, 48, 945
25, 49, 275
25, 50, 417
25, 51, 829
25, 52, 97
25, 53, 377
25, 54, 939
25, 55, 47
25, 56, 147
25, 57, 49
25, 58, 307
25, 59, 273
25, 60, 961
25, 61, 610
25, 62, 504
25, 63, 833
25, 64, 779
25, 65, 555
25, 66, 832
25, 67, 610
25, 68, 250
25, 69, 336
25, 70, 452
25, 71, 842
25, 72, 121
25, 73, 993
25, 74, 226
25, 75, 769
25, 76, 892
25, 77, 831
25, 78, 902
25, 79, 280
25, 80, 542
25, 81, 528
25, 82, 590
25, 83, 170
25, 84, 740
25, 85, 527
25, 86, 634
25, 87, 558
25, 88, 554
25, 89, 592
25, 90, 980
25, 91, 546
25, 92, 306
25, 93, 658
25, 94, 271
25, 95, 162
25, 96, 780
25, 97, 202
25, 98, 154
25, 99, 228
26, 27, 763
26, 28, 266
26, 29, 417
26, 30, 233
26, 31, 518
26, 32, 45
26, 33, 42
26, 34, 643
26, 35, 945
26, 36, 410
26, 37, 87
26, 38, 796
26, 39, 241
26, 40, 740
26, 41, 193
26, 42, 200
26, 43, 644
26, 44, 805
26, 45, 491
26, 46, 182
26, 47, 585
26, 48, 781
26, 49, 300
26, 50, 761
26, 51, 484
26, 52, 119
26, 53, 519
26, 54, 719
26, 55, 994
26, 56, 47
26, 57, 220
26, 58, 895
26, 59, 463
26, 60, 645
26, 61, 162
26, 62, 34
26, 63, 392
26, 64, 704
26, 65, 895
26, 66, 996
26, 67, 219
26, 68, 793
26, 69, 137
26, 70, 804
26, 71, 622
26, 72, 871
26, 73, 489
26, 74, 498
26, 75, 305
26, 76, 778
26, 77, 631
26, 78, 996
26, 79, 701
26, 80, 782
26, 81, 388
26, 82, 167
26, 83, 748
26, 84, 621
26, 85, 754
26, 86, 87
26, 87, 327
26, 88, 390
26, 89, 41
26, 90, 300
26, 91, 78
26, 92, 125
26, 93, 333
26, 94, 658
26, 95, 951
26, 96, 166
26, 97, 536
26, 98, 434
26, 99, 903
27, 28, 106
27, 29, 764
27, 30, 46
27, 31, 598
27, 32, 168
27, 33, 574
27, 34, 331
27, 35, 175
27, 36, 218
27, 37, 8
27, 38, 834
27, 39, 232
27, 40, 570
27, 41, 7
27, 42, 82
27, 43, 478
27, 44, 406
27, 45, 349
27, 46, 919
27, 47, 352
27, 48, 133
27, 49, 492
27, 50, 174
27, 51, 948
27, 52, 173
27, 53, 669
27, 54, 550
27, 55, 583
27, 56, 992
27, 57, 223
27, 58, 960
27, 59, 64
27, 60, 39
27, 61, 418
27, 62, 352
27, 63, 66
27, 64, 890
27, 65, 958
27, 66, 889
27, 67, 65
27, 68, 380
27, 69, 943
27, 70, 967
27, 71, 658
27, 72, 490
27, 73, 964
27, 74, 422
27, 75, 951
27, 76, 162
27, 77, 51
27, 78, 210
27, 79, 4
27, 80, 638
27, 81, 37
27, 82, 577
27, 83, 875
27, 84, 47
27, 85, 24
27, 86, 94
27, 87, 524
27, 88, 233
27, 89, 510
27, 90, 881
27, 91, 289
27, 92, 623
27, 93, 514
27, 94, 378
27, 95, 359
27, 96, 280
27, 97, 10
27, 98, 538
27, 99, 156
28, 29, 776
28, 30, 680
28, 31, 382
28, 32, 26
28, 33, 759
28, 34, 226
28, 35, 97
28, 36, 357
28, 37, 187
28, 38, 278
28, 39, 422
28, 40, 622
28, 41, 696
28, 42, 108
28, 43, 920
28, 44, 497
28, 45, 323
28, 46, 516
28, 47, 950
28, 48, 80
28, 49, 768
28, 50, 636
28, 51, 613
28, 52, 450
28, 53, 62
28, 54, 744
28, 55, 940
28, 56, 409
28, 57, 406
28, 58, 134
28, 59, 132
28, 60, 851
28, 61, 687
28, 62, 798
28, 63, 441
28, 64, 546
28, 65, 912
28, 66, 861
28, 67, 992
28, 68, 341
28, 69, 292
28, 70, 125
28, 71, 251
28, 72, 443
28, 73, 96
28, 74, 367
28, 75, 772
28, 76, 111
28, 77, 201
28, 78, 376
28, 79, 43
28, 80, 347
28, 81, 170
28, 82, 266
28, 83, 842
28, 84, 86
28, 85, 567
28, 86, 562
28, 87, 17
28, 88, 222
28, 89, 757
28, 90, 359
28, 91, 775
28, 92, 39
28, 93, 403
28, 94, 770
28, 95, 920
28, 96, 832
28, 97, 865
28, 98, 251
28, 99, 112
29, 30, 695
29, 31, 358
29, 32, 522
29, 33, 792
29, 34, 811
29, 35, 768
29, 36, 712
29, 37, 654
29, 38, 242
29, 39, 195
29, 40, 858
29, 41, 832
29, 42, 224
29, 43, 271
29, 44, 643
29, 45, 969
29, 46, 430
29, 47, 2
29, 48, 340
29, 49, 727
29, 50, 135
29, 51, 711
29, 52, 678
29, 53, 707
29, 54, 219
29, 55, 500
29, 56, 301
29, 57, 841
29, 58, 584
29, 59, 991
29, 60, 288
29, 61, 997
29, 62, 186
29, 63, 650
29, 64, 690
29, 65, 288
29, 66, 653
29, 67, 73
29, 68, 569
29, 69, 793
29, 70, 299
29, 71, 894
29, 72, 643
29, 73, 681
29, 74, 391
29, 75, 25
29, 76, 177
29, 77, 885
29, 78, 125
29, 79, 549
29, 80, 172
29, 81, 125
29, 82, 34
29, 83, 31
29, 84, 724
29, 85, 527
29, 86, 281
29, 87, 47
29, 88, 49
29, 89, 231
29, 90, 762
29, 91, 137
29, 92, 726
29, 93, 334
29, 94, 245
29, 95, 7
29, 96, 133
29, 97, 892
29, 98, 798
29, 99, 337
30, 31, 842
30, 32, 318
30, 33, 781
30, 34, 639
30, 35, 621
30, 36, 821
30, 37, 764
30, 38, 729
30, 39, 361
30, 40, 21
30, 41, 997
30, 42, 502
30, 43, 711
30, 44, 528
30, 45, 900
30, 46, 706
30, 47, 824
30, 48, 441
30, 49, 777
30, 50, 783
30, 51, 936
30, 52, 833
30, 53, 154
30, 54, 983
30, 55, 792
30, 56, 897
30, 57, 640
30, 58, 671
30, 59, 49
30, 60, 780
30, 61, 60
30, 62, 363
30, 63, 99
30, 64, 853
30, 65, 110
30, 66, 814
30, 67, 984
30, 68, 523
30, 69, 499
30, 70, 93
30, 71, 483
30, 72, 253
30, 73, 21
30, 74, 814
30, 75, 664
30, 76, 862
30, 77, 432
30, 78, 157
30, 79, 283
30, 80, 232
30, 81, 589
30, 82, 144
30, 83, 957
30, 84, 177
30, 85, 698
30, 86, 904
30, 87, 640
30, 88, 233
30, 89, 24
30, 90, 304
30, 91, 634
30, 92, 321
30, 93, 178
30, 94, 149
30, 95, 529
30, 96, 322
30, 97, 362
30, 98, 482
30, 99, 636
31, 32, 582
31, 33, 958
31, 34, 767
31, 35, 933
31, 36, 349
31, 37, 536
31, 38, 875
31, 39, 612
31, 40, 538
31, 41, 644
31, 42, 811
31, 43, 349
31, 44, 43
31, 45, 884
31, 46, 292
31, 47, 961
31, 48, 636
31, 49, 464
31, 50, 361
31, 51, 927
31, 52, 315
31, 53, 942
31, 54, 510
31, 55, 889
31, 56, 174
31, 57, 996
31, 58, 262
31, 59, 316
31, 60, 320
31, 61, 668
31, 62, 518
31, 63, 122
31, 64, 443
31, 65, 651
31, 66, 462
31, 67, 25
31, 68, 895
31, 69, 616
31, 70, 561
31, 71, 230
31, 72, 879
31, 73, 941
31, 74, 567
31, 75, 304
31, 76, 866
31, 77, 807
31, 78, 895
31, 79, 853
31, 80, 25
31, 81, 86
31, 82, 958
31, 83, 701
31, 84, 693
31, 85, 913
31, 86, 486
31, 87, 254
31, 88, 628
31, 89, 17
31, 90, 150
31, 91, 633
31, 92, 133
31, 93, 445
31, 94, 807
31, 95, 47
31, 96, 576
31, 97, 257
31, 98, 935
31, 99, 21
32, 33, 147
32, 34, 57
32, 35, 962
32, 36, 806
32, 37, 407
32, 38, 5
32, 39, 323
32, 40, 308
32, 41, 678
32, 42, 908
32, 43, 876
32, 44, 273
32, 45, 737
32, 46, 538
32, 47, 395
32, 48, 648
32, 49, 446
32, 50, 600
32, 51, 52
32, 52, 851
32, 53, 542
32, 54, 257
32, 55, 238
32, 56, 17
32, 57, 654
32, 58, 637
32, 59, 42
32, 60, 548
32, 61, 82
32, 62, 116
32, 63, 737
32, 64, 564
32, 65, 391
32, 66, 345
32, 67, 112
32, 68, 214
32, 69, 235
32, 70, 460
32, 71, 481
32, 72, 934
32, 73, 35
32, 74, 934
32, 75, 529
32, 76, 685
32, 77, 696
32, 78, 934
32, 79, 837
32, 80, 233
32, 81, 164
32, 82, 616
32, 83, 122
32, 84, 343
32, 85, 800
32, 86, 155
32, 87, 527
32, 88, 378
32, 89, 70
32, 90, 198
32, 91, 322
32, 92, 335
32, 93, 863
32, 94, 771
32, 95, 42
32, 96, 638
32, 97, 950
32, 98, 219
32, 99, 198
33, 34, 978
33, 35, 457
33, 36, 1
33, 37, 335
33, 38, 623
33, 39, 197
33, 40, 448
33, 41, 660
33, 42, 736
33, 43, 808
33, 44, 460
33, 45, 585
33, 46, 94
33, 47, 910
33, 48, 441
33, 49, 315
33, 50, 840
33, 51, 641
33, 52, 443
33, 53, 54
33, 54, 733
33, 55, 979
33, 56, 692
33, 57, 402
33, 58, 666
33, 59, 834
33, 60, 249
33, 61, 550
33, 62, 136
33, 63, 265
33, 64, 523
33, 65, 405
33, 66, 774
33, 67, 2
33, 68, 776
33, 69, 21
33, 70, 300
33, 71, 102
33, 72, 640
33, 73, 83
33, 74, 744
33, 75, 317
33, 76, 217
33, 77, 546
33, 78, 73
33, 79, 603
33, 80, 136
33, 81, 849
33, 82, 267
33, 83, 501
33, 84, 281
33, 85, 459
33, 86, 523
33, 87, 649
33, 88, 665
33, 89, 254
33, 90, 299
33, 91, 548
33, 92, 686
33, 93, 838
33, 94, 963
33, 95, 553
33, 96, 570
33, 97, 184
33, 98, 472
33, 99, 711
34, 35, 175
34, 36, 829
34, 37, 803
34, 38, 811
34, 39, 627
34, 40, 660
34, 41, 317
34, 42, 2
34, 43, 811
34, 44, 707
34, 45, 356
34, 46, 290
34, 47, 18
34, 48, 926
34, 49, 757
34, 50, 13
34, 51, 776
34, 52, 790
34, 53, 281
34, 54, 579
34, 55, 628
34, 56, 653
34, 57, 405
34, 58, 544
34, 59, 355
34, 60, 806
34, 61, 431
34, 62, 383
34, 63, 788
34, 64, 673
34, 65, 607
34, 66, 973
34, 67, 91
34, 68, 187
34, 69, 13
34, 70, 377
34, 71, 853
34, 72, 297
34, 73, 18
34, 74, 820
34, 75, 43
34, 76, 895
34, 77, 115
34, 78, 533
34, 79, 723
34, 80, 819
34, 81, 600
34, 82, 786
34, 83, 44
34, 84, 838
34, 85, 826
34, 86, 457
34, 87, 249
34, 88, 187
34, 89, 464
34, 90, 311
34, 91, 906
34, 92, 353
34, 93, 119
34, 94, 639
34, 95, 502
34, 96, 473
34, 97, 948
34, 98, 677
34, 99, 100
35, 36, 33
35, 37, 390
35, 38, 992
35, 39, 418
35, 40, 17
35, 41, 454
35, 42, 831
35, 43, 623
35, 44, 369
35, 45, 138
35, 46, 169
35, 47, 487
35, 48, 226
35, 49, 186
35, 50, 767
35, 51, 94
35, 52, 444
35, 53, 542
35, 54, 831
35, 55, 891
35, 56, 226
35, 57, 782
35, 58, 486
35, 59, 656
35, 60, 726
35, 61, 636
35, 62, 335
35, 63, 393
35, 64, 595
35, 65, 550
35, 66, 547
35, 67, 609
35, 68, 538
35, 69, 963
35, 70, 986
35, 71, 565
35, 72, 522
35, 73, 641
35, 74, 59
35, 75, 292
35, 76, 668
35, 77, 663
35, 78, 823
35, 79, 820
35, 80, 707
35, 81, 117
35, 82, 310
35, 83, 349
35, 84, 243
35, 85, 530
35, 86, 537
35, 87, 556
35, 88, 355
35, 89, 522
35, 90, 395
35, 91, 974
35, 92, 290
35, 93, 711
35, 94, 675
35, 95, 680
35, 96, 795
35, 97, 759
35, 98, 316
35, 99, 892
36, 37, 762
36, 38, 700
36, 39, 926
36, 40, 425
36, 41, 985
36, 42, 749
36, 43, 315
36, 44, 921
36, 45, 665
36, 46, 647
36, 47, 645
36, 48, 377
36, 49, 633
36, 50, 788
36, 51, 59
36, 52, 334
36, 53, 757
36, 54, 568
36, 55, 980
36, 56, 146
36, 57, 197
36, 58, 762
36, 59, 858
36, 60, 791
36, 61, 815
36, 62, 710
36, 63, 660
36, 64, 9
36, 65, 172
36, 66, 960
36, 67, 401
36, 68, 482
36, 69, 438
36, 70, 689
36, 71, 983
36, 72, 901
36, 73, 535
36, 74, 347
36, 75, 794
36, 76, 514
36, 77, 880
36, 78, 762
36, 79, 438
36, 80, 777
36, 81, 563
36, 82, 667
36, 83, 743
36, 84, 622
36, 85, 107
36, 86, 879
36, 87, 739
36, 88, 461
36, 89, 491
36, 90, 996
36, 91, 378
36, 92, 384
36, 93, 558
36, 94, 987
36, 95, 357
36, 96, 196
36, 97, 27
36, 98, 851
36, 99, 462
37, 38, 859
37, 39, 40
37, 40, 20
37, 41, 445
37, 42, 698
37, 43, 665
37, 44, 688
37, 45, 605
37, 46, 397
37, 47, 398
37, 48, 546
37, 49, 482
37, 50, 23
37, 51, 796
37, 52, 855
37, 53, 757
37, 54, 327
37, 55, 367
37, 56, 237
37, 57, 292
37, 58, 146
37, 59, 655
37, 60, 28
37, 61, 998
37, 62, 133
37, 63, 22
37, 64, 272
37, 65, 208
37, 66, 165
37, 67, 499
37, 68, 504
37, 69, 165
37, 70, 65
37, 71, 865
37, 72, 678
37, 73, 385
37, 74, 771
37, 75, 529
37, 76, 254
37, 77, 966
37, 78, 773
37, 79, 864
37, 80, 753
37, 81, 805
37, 82, 527
37, 83, 294
37, 84, 249
37, 85, 426
37, 86, 3
37, 87, 24
37, 88, 223
37, 89, 241
37, 90, 772
37, 91, 565
37, 92, 215
37, 93, 116
37, 94, 731
37, 95, 770
37, 96, 14
37, 97, 541
37, 98, 403
37, 99, 705
38, 39, 122
38, 40, 107
38, 41, 783
38, 42, 535
38, 43, 649
38, 44, 378
38, 45, 271
38, 46, 902
38, 47, 169
38, 48, 56
38, 49, 280
38, 50, 846
38, 51, 631
38, 52, 764
38, 53, 974
38, 54, 205
38, 55, 399
38, 56, 553
38, 57, 361
38, 58, 493
38, 59, 457
38, 60, 832
38, 61, 295
38, 62, 778
38, 63, 948
38, 64, 791
38, 65, 485
38, 66, 223
38, 67, 334
38, 68, 599
38, 69, 775
38, 70, 950
38, 71, 962
38, 72, 395
38, 73, 739
38, 74, 484
38, 75, 898
38, 76, 587
38, 77, 486
38, 78, 222
38, 79, 323
38, 80, 743
38, 81, 217
38, 82, 382
38, 83, 503
38, 84, 110
38, 85, 195
38, 86, 845
38, 87, 794
38, 88, 631
38, 89, 644
38, 90, 417
38, 91, 370
38, 92, 586
38, 93, 423
38, 94, 894
38, 95, 761
38, 96, 55
38, 97, 415
38, 98, 942
38, 99, 958
39, 40, 532
39, 41, 767
39, 42, 771
39, 43, 953
39, 44, 74
39, 45, 938
39, 46, 956
39, 47, 926
39, 48, 732
39, 49, 186
39, 50, 77
39, 51, 88
39, 52, 585
39, 53, 890
39, 54, 203
39, 55, 853
39, 56, 809
39, 57, 444
39, 58, 317
39, 59, 102
39, 60, 179
39, 61, 706
39, 62, 823
39, 63, 242
39, 64, 755
39, 65, 394
39, 66, 135
39, 67, 115
39, 68, 682
39, 69, 45
39, 70, 809
39, 71, 829
39, 72, 233
39, 73, 301
39, 74, 352
39, 75, 998
39, 76, 455
39, 77, 556
39, 78, 758
39, 79, 613
39, 80, 662
39, 81, 107
39, 82, 239
39, 83, 187
39, 84, 454
39, 85, 547
39, 86, 307
39, 87, 548
39, 88, 211
39, 89, 919
39, 90, 837
39, 91, 959
39, 92, 565
39, 93, 345
39, 94, 933
39, 95, 452
39, 96, 363
39, 97, 532
39, 98, 883
39, 99, 756
40, 41, 76
40, 42, 484
40, 43, 197
40, 44, 472
40, 45, 397
40, 46, 253
40, 47, 526
40, 48, 822
40, 49, 38
40, 50, 363
40, 51, 998
40, 52, 36
40, 53, 888
40, 54, 28
40, 55, 396
40, 56, 93
40, 57, 889
40, 58, 520
40, 59, 722
40, 60, 51
40, 61, 17
40, 62, 87
40, 63, 197
40, 64, 838
40, 65, 921
40, 66, 309
40, 67, 328
40, 68, 571
40, 69, 42
40, 70, 519
40, 71, 222
40, 72, 752
40, 73, 561
40, 74, 748
40, 75, 607
40, 76, 471
40, 77, 173
40, 78, 231
40, 79, 342
40, 80, 890
40, 81, 654
40, 82, 236
40, 83, 581
40, 84, 8
40, 85, 773
40, 86, 516
40, 87, 7
40, 88, 72
40, 89, 515
40, 90, 193
40, 91, 629
40, 92, 179
40, 93, 724
40, 94, 889
40, 95, 549
40, 96, 289
40, 97, 590
40, 98, 104
40, 99, 253
41, 42, 286
41, 43, 550
41, 44, 953
41, 45, 836
41, 46, 532
41, 47, 476
41, 48, 771
41, 49, 970
41, 50, 185
41, 51, 452
41, 52, 534
41, 53, 281
41, 54, 418
41, 55, 845
41, 56, 121
41, 57, 730
41, 58, 25
41, 59, 397
41, 60, 1
41, 61, 985
41, 62, 163
41, 63, 933
41, 64, 330
41, 65, 152
41, 66, 768
41, 67, 800
41, 68, 686
41, 69, 337
41, 70, 606
41, 71, 366
41, 72, 324
41, 73, 435
41, 74, 765
41, 75, 895
41, 76, 581
41, 77, 517
41, 78, 706
41, 79, 962
41, 80, 679
41, 81, 752
41, 82, 259
41, 83, 637
41, 84, 518
41, 85, 701
41, 86, 267
41, 87, 765
41, 88, 514
41, 89, 153
41, 90, 17
41, 91, 630
41, 92, 580
41, 93, 263
41, 94, 831
41, 95, 971
41, 96, 895
41, 97, 53
41, 98, 680
41, 99, 526
42, 43, 943
42, 44, 293
42, 45, 537
42, 46, 990
42, 47, 379
42, 48, 96
42, 49, 935
42, 50, 145
42, 51, 933
42, 52, 425
42, 53, 104
42, 54, 164
42, 55, 847
42, 56, 629
42, 57, 360
42, 58, 338
42, 59, 91
42, 60, 975
42, 61, 5
42, 62, 504
42, 63, 572
42, 64, 436
42, 65, 138
42, 66, 365
42, 67, 557
42, 68, 705
42, 69, 83
42, 70, 175
42, 71, 636
42, 72, 29
42, 73, 87
42, 74, 663
42, 75, 568
42, 76, 488
42, 77, 123
42, 78, 302
42, 79, 579
42, 80, 114
42, 81, 141
42, 82, 127
42, 83, 332
42, 84, 631
42, 85, 711
42, 86, 611
42, 87, 731
42, 88, 355
42, 89, 55
42, 90, 997
42, 91, 739
42, 92, 235
42, 93, 53
42, 94, 170
42, 95, 919
42, 96, 658
42, 97, 471
42, 98, 216
42, 99, 733
43, 44, 842
43, 45, 826
43, 46, 781
43, 47, 441
43, 48, 234
43, 49, 870
43, 50, 324
43, 51, 340
43, 52, 536
43, 53, 530
43, 54, 771
43, 55, 453
43, 56, 288
43, 57, 55
43, 58, 835
43, 59, 813
43, 60, 896
43, 61, 968
43, 62, 272
43, 63, 618
43, 64, 839
43, 65, 399
43, 66, 665
43, 67, 46
43, 68, 437
43, 69, 546
43, 70, 258
43, 71, 66
43, 72, 441
43, 73, 780
43, 74, 964
43, 75, 279
43, 76, 104
43, 77, 691
43, 78, 672
43, 79, 5
43, 80, 505
43, 81, 460
43, 82, 139
43, 83, 394
43, 84, 113
43, 85, 777
43, 86, 506
43, 87, 418
43, 88, 793
43, 89, 646
43, 90, 900
43, 91, 356
43, 92, 905
43, 93, 308
43, 94, 803
43, 95, 257
43, 96, 541
43, 97, 490
43, 98, 118
43, 99, 521
44, 45, 951
44, 46, 928
44, 47, 740
44, 48, 150
44, 49, 704
44, 50, 259
44, 51, 436
44, 52, 672
44, 53, 446
44, 54, 171
44, 55, 233
44, 56, 10
44, 57, 964
44, 58, 290
44, 59, 992
44, 60, 97
44, 61, 693
44, 62, 23
44, 63, 806
44, 64, 49
44, 65, 33
44, 66, 717
44, 67, 306
44, 68, 766
44, 69, 804
44, 70, 706
44, 71, 960
44, 72, 182
44, 73, 803
44, 74, 422
44, 75, 784
44, 76, 712
44, 77, 968
44, 78, 821
44, 79, 406
44, 80, 45
44, 81, 634
44, 82, 458
44, 83, 913
44, 84, 798
44, 85, 222
44, 86, 160
44, 87, 78
44, 88, 808
44, 89, 263
44, 90, 232
44, 91, 227
44, 92, 162
44, 93, 701
44, 94, 718
44, 95, 865
44, 96, 877
44, 97, 630
44, 98, 406
44, 99, 703
45, 46, 831
45, 47, 725
45, 48, 331
45, 49, 42
45, 50, 298
45, 51, 525
45, 52, 258
45, 53, 215
45, 54, 787
45, 55, 898
45, 56, 138
45, 57, 59
45, 58, 760
45, 59, 772
45, 60, 689
45, 61, 339
45, 62, 745
45, 63, 448
45, 64, 342
45, 65, 307
45, 66, 830
45, 67, 499
45, 68, 203
45, 69, 693
45, 70, 287
45, 71, 938
45, 72, 566
45, 73, 115
45, 74, 48
45, 75, 208
45, 76, 792
45, 77, 139
45, 78, 83
45, 79, 178
45, 80, 349
45, 81, 365
45, 82, 301
45, 83, 696
45, 84, 758
45, 85, 136
45, 86, 258
45, 87, 577
45, 88, 268
45, 89, 372
45, 90, 506
45, 91, 738
45, 92, 414
45, 93, 80
45, 94, 720
45, 95, 683
45, 96, 447
45, 97, 744
45, 98, 661
45, 99, 635
46, 47, 402
46, 48, 301
46, 49, 527
46, 50, 16
46, 51, 270
46, 52, 850
46, 53, 246
46, 54, 659
46, 55, 726
46, 56, 610
46, 57, 126
46, 58, 584
46, 59, 229
46, 60, 56
46, 61, 112
46, 62, 704
46, 63, 528
46, 64, 882
46, 65, 279
46, 66, 898
46, 67, 595
46, 68, 344
46, 69, 910
46, 70, 131
46, 71, 335
46, 72, 481
46, 73, 569
46, 74, 656
46, 75, 463
46, 76, 726
46, 77, 994
46, 78, 744
46, 79, 980
46, 80, 524
46, 81, 940
46, 82, 928
46, 83, 997
46, 84, 514
46, 85, 278
46, 86, 422
46, 87, 589
46, 88, 270
46, 89, 886
46, 90, 437
46, 91, 292
46, 92, 175
46, 93, 987
46, 94, 121
46, 95, 258
46, 96, 207
46, 97, 643
46, 98, 372
46, 99, 42
47, 48, 828
47, 49, 819
47, 50, 967
47, 51, 126
47, 52, 457
47, 53, 600
47, 54, 571
47, 55, 176
47, 56, 924
47, 57, 291
47, 58, 277
47, 59, 856
47, 60, 573
47, 61, 23
47, 62, 880
47, 63, 731
47, 64, 494
47, 65, 155
47, 66, 632
47, 67, 369
47, 68, 718
47, 69, 10
47, 70, 50
47, 71, 658
47, 72, 322
47, 73, 256
47, 74, 88
47, 75, 517
47, 76, 641
47, 77, 754
47, 78, 965
47, 79, 450
47, 80, 915
47, 81, 492
47, 82, 588
47, 83, 639
47, 84, 755
47, 85, 795
47, 86, 199
47, 87, 660
47, 88, 117
47, 89, 801
47, 90, 226
47, 91, 728
47, 92, 681
47, 93, 274
47, 94, 672
47, 95, 668
47, 96, 848
47, 97, 353
47, 98, 57
47, 99, 930
48, 49, 669
48, 50, 834
48, 51, 180
48, 52, 631
48, 53, 551
48, 54, 325
48, 55, 363
48, 56, 114
48, 57, 629
48, 58, 739
48, 59, 840
48, 60, 263
48, 61, 631
48, 62, 100
48, 63, 531
48, 64, 777
48, 65, 699
48, 66, 477
48, 67, 720
48, 68, 265
48, 69, 316
48, 70, 856
48, 71, 266
48, 72, 244
48, 73, 686
48, 74, 969
48, 75, 628
48, 76, 378
48, 77, 996
48, 78, 131
48, 79, 649
48, 80, 522
48, 81, 487
48, 82, 38
48, 83, 321
48, 84, 128
48, 85, 488
48, 86, 162
48, 87, 307
48, 88, 571
48, 89, 765
48, 90, 458
48, 91, 432
48, 92, 123
48, 93, 682
48, 94, 924
48, 95, 100
48, 96, 581
48, 97, 305
48, 98, 488
48, 99, 392
49, 50, 36
49, 51, 133
49, 52, 242
49, 53, 789
49, 54, 902
49, 55, 922
49, 56, 172
49, 57, 887
49, 58, 232
49, 59, 859
49, 60, 357
49, 61, 753
49, 62, 514
49, 63, 150
49, 64, 244
49, 65, 606
49, 66, 744
49, 67, 813
49, 68, 541
49, 69, 37
49, 70, 254
49, 71, 167
49, 72, 261
49, 73, 468
49, 74, 833
49, 75, 290
49, 76, 752
49, 77, 886
49, 78, 379
49, 79, 630
49, 80, 121
49, 81, 732
49, 82, 844
49, 83, 592
49, 84, 69
49, 85, 972
49, 86, 407
49, 87, 303
49, 88, 513
49, 89, 952
49, 90, 63
49, 91, 127
49, 92, 48
49, 93, 399
49, 94, 822
49, 95, 692
49, 96, 430
49, 97, 676
49, 98, 937
49, 99, 150
50, 51, 948
50, 52, 640
50, 53, 908
50, 54, 428
50, 55, 463
50, 56, 124
50, 57, 604
50, 58, 482
50, 59, 176
50, 60, 857
50, 61, 475
50, 62, 746
50, 63, 191
50, 64, 220
50, 65, 935
50, 66, 525
50, 67, 320
50, 68, 492
50, 69, 78
50, 70, 686
50, 71, 442
50, 72, 346
50, 73, 152
50, 74, 721
50, 75, 382
50, 76, 277
50, 77, 859
50, 78, 228
50, 79, 110
50, 80, 977
50, 81, 782
50, 82, 245
50, 83, 914
50, 84, 321
50, 85, 447
50, 86, 324
50, 87, 607
50, 88, 639
50, 89, 561
50, 90, 932
50, 91, 655
50, 92, 86
50, 93, 401
50, 94, 316
50, 95, 125
50, 96, 939
50, 97, 548
50, 98, 254
50, 99, 464
51, 52, 548
51, 53, 348
51, 54, 243
51, 55, 820
51, 56, 452
51, 57, 856
51, 58, 753
51, 59, 158
51, 60, 885
51, 61, 838
51, 62, 38
51, 63, 220
51, 64, 156
51, 65, 498
51, 66, 903
51, 67, 99
51, 68, 149
51, 69, 330
51, 70, 166
51, 71, 607
51, 72, 486
51, 73, 921
51, 74, 68
51, 75, 572
51, 76, 901
51, 77, 834
51, 78, 103
51, 79, 412
51, 80, 270
51, 81, 376
51, 82, 49
51, 83, 305
51, 84, 997
51, 85, 106
51, 86, 155
51, 87, 241
51, 88, 678
51, 89, 801
51, 90, 665
51, 91, 716
51, 92, 402
51, 93, 463
51, 94, 608
51, 95, 427
51, 96, 883
51, 97, 454
51, 98, 966
51, 99, 952
52, 53, 708
52, 54, 546
52, 55, 601
52, 56, 160
52, 57, 157
52, 58, 941
52, 59, 491
52, 60, 626
52, 61, 713
52, 62, 3
52, 63, 971
52, 64, 344
52, 65, 316
52, 66, 290
52, 67, 520
52, 68, 543
52, 69, 681
52, 70, 319
52, 71, 824
52, 72, 656
52, 73, 409
52, 74, 526
52, 75, 31
52, 76, 73
52, 77, 545
52, 78, 697
52, 79, 74
52, 80, 810
52, 81, 717
52, 82, 363
52, 83, 50
52, 84, 950
52, 85, 450
52, 86, 524
52, 87, 979
52, 88, 664
52, 89, 830
52, 90, 114
52, 91, 952
52, 92, 825
52, 93, 973
52, 94, 339
52, 95, 137
52, 96, 71
52, 97, 545
52, 98, 296
52, 99, 559
53, 54, 679
53, 55, 113
53, 56, 371
53, 57, 807
53, 58, 1
53, 59, 830
53, 60, 183
53, 61, 356
53, 62, 318
53, 63, 647
53, 64, 872
53, 65, 342
53, 66, 121
53, 67, 438
53, 68, 779
53, 69, 119
53, 70, 97
53, 71, 18
53, 72, 484
53, 73, 500
53, 74, 123
53, 75, 82
53, 76, 503
53, 77, 794
53, 78, 34
53, 79, 608
53, 80, 796
53, 81, 80
53, 82, 903
53, 83, 807
53, 84, 778
53, 85, 496
53, 86, 317
53, 87, 520
53, 88, 623
53, 89, 489
53, 90, 819
53, 91, 21
53, 92, 965
53, 93, 639
53, 94, 479
53, 95, 605
53, 96, 498
53, 97, 239
53, 98, 186
53, 99, 301
54, 55, 596
54, 56, 181
54, 57, 813
54, 58, 70
54, 59, 242
54, 60, 356
54, 61, 459
54, 62, 861
54, 63, 689
54, 64, 460
54, 65, 121
54, 66, 819
54, 67, 332
54, 68, 121
54, 69, 803
54, 70, 65
54, 71, 495
54, 72, 615
54, 73, 90
54, 74, 517
54, 75, 42
54, 76, 982
54, 77, 162
54, 78, 375
54, 79, 102
54, 80, 525
54, 81, 989
54, 82, 57
54, 83, 101
54, 84, 873
54, 85, 83
54, 86, 432
54, 87, 5
54, 88, 122
54, 89, 240
54, 90, 955
54, 91, 288
54, 92, 892
54, 93, 737
54, 94, 927
54, 95, 140
54, 96, 850
54, 97, 541
54, 98, 436
54, 99, 226
55, 56, 9
55, 57, 462
55, 58, 41
55, 59, 895
55, 60, 111
55, 61, 269
55, 62, 836
55, 63, 9
55, 64, 527
55, 65, 608
55, 66, 117
55, 67, 712
55, 68, 504
55, 69, 920
55, 70, 448
55, 71, 117
55, 72, 119
55, 73, 412
55, 74, 854
55, 75, 381
55, 76, 755
55, 77, 631
55, 78, 876
55, 79, 881
55, 80, 861
55, 81, 523
55, 82, 747
55, 83, 208
55, 84, 573
55, 85, 460
55, 86, 866
55, 87, 88
55, 88, 536
55, 89, 171
55, 90, 271
55, 91, 874
55, 92, 24
55, 93, 567
55, 94, 342
55, 95, 787
55, 96, 967
55, 97, 490
55, 98, 671
55, 99, 446
56, 57, 828
56, 58, 194
56, 59, 946
56, 60, 341
56, 61, 175
56, 62, 56
56, 63, 324
56, 64, 322
56, 65, 706
56, 66, 230
56, 67, 101
56, 68, 791
56, 69, 841
56, 70, 504
56, 71, 445
56, 72, 103
56, 73, 148
56, 74, 764
56, 75, 499
56, 76, 985
56, 77, 782
56, 78, 214
56, 79, 90
56, 80, 284
56, 81, 350
56, 82, 617
56, 83, 92
56, 84, 594
56, 85, 74
56, 86, 710
56, 87, 571
56, 88, 312
56, 89, 853
56, 90, 352
56, 91, 144
56, 92, 401
56, 93, 518
56, 94, 804
56, 95, 142
56, 96, 580
56, 97, 644
56, 98, 80
56, 99, 314
57, 58, 313
57, 59, 578
57, 60, 287
57, 61, 426
57, 62, 630
57, 63, 97
57, 64, 49
57, 65, 651
57, 66, 550
57, 67, 694
57, 68, 491
57, 69, 90
57, 70, 300
57, 71, 218
57, 72, 855
57, 73, 368
57, 74, 665
57, 75, 699
57, 76, 156
57, 77, 621
57, 78, 109
57, 79, 437
57, 80, 853
57, 81, 980
57, 82, 696
57, 83, 955
57, 84, 298
57, 85, 631
57, 86, 455
57, 87, 3
57, 88, 530
57, 89, 551
57, 90, 715
57, 91, 990
57, 92, 596
57, 93, 747
57, 94, 51
57, 95, 842
57, 96, 899
57, 97, 27
57, 98, 337
57, 99, 116
58, 59, 151
58, 60, 241
58, 61, 288
58, 62, 157
58, 63, 839
58, 64, 432
58, 65, 284
58, 66, 76
58, 67, 273
58, 68, 359
58, 69, 886
58, 70, 222
58, 71, 421
58, 72, 896
58, 73, 694
58, 74, 23
58, 75, 921
58, 76, 968
58, 77, 538
58, 78, 872
58, 79, 369
58, 80, 88
58, 81, 53
58, 82, 330
58, 83, 805
58, 84, 520
58, 85, 677
58, 86, 24
58, 87, 227
58, 88, 397
58, 89, 244
58, 90, 650
58, 91, 335
58, 92, 305
58, 93, 979
58, 94, 281
58, 95, 267
58, 96, 36
58, 97, 700
58, 98, 877
58, 99, 571
59, 60, 730
59, 61, 70
59, 62, 935
59, 63, 793
59, 64, 380
59, 65, 462
59, 66, 581
59, 67, 420
59, 68, 458
59, 69, 738
59, 70, 959
59, 71, 369
59, 72, 653
59, 73, 273
59, 74, 961
59, 75, 562
59, 76, 757
59, 77, 593
59, 78, 908
59, 79, 692
59, 80, 723
59, 81, 204
59, 82, 920
59, 83, 962
59, 84, 980
59, 85, 175
59, 86, 888
59, 87, 258
59, 88, 131
59, 89, 416
59, 90, 71
59, 91, 574
59, 92, 602
59, 93, 216
59, 94, 900
59, 95, 652
59, 96, 892
59, 97, 696
59, 98, 246
59, 99, 35
60, 61, 567
60, 62, 157
60, 63, 347
60, 64, 496
60, 65, 322
60, 66, 287
60, 67, 793
60, 68, 652
60, 69, 989
60, 70, 443
60, 71, 635
60, 72, 144
60, 73, 324
60, 74, 613
60, 75, 935
60, 76, 749
60, 77, 663
60, 78, 515
60, 79, 609
60, 80, 192
60, 81, 985
60, 82, 103
60, 83, 169
60, 84, 719
60, 85, 27
60, 86, 573
60, 87, 151
60, 88, 969
60, 89, 675
60, 90, 268
60, 91, 387
60, 92, 472
60, 93, 846
60, 94, 12
60, 95, 271
60, 96, 948
60, 97, 643
60, 98, 552
60, 99, 710
61, 62, 511
61, 63, 8
61, 64, 736
61, 65, 527
61, 66, 125
61, 67, 776
61, 68, 836
61, 69, 733
61, 70, 413
61, 71, 260
61, 72, 31
61, 73, 209
61, 74, 531
61, 75, 872
61, 76, 206
61, 77, 538
61, 78, 974
61, 79, 892
61, 80, 547
61, 81, 919
61, 82, 941
61, 83, 827
61, 84, 803
61, 85, 228
61, 86, 896
61, 87, 801
61, 88, 820
61, 89, 405
61, 90, 180
61, 91, 985
61, 92, 276
61, 93, 82
61, 94, 306
61, 95, 718
61, 96, 380
61, 97, 832
61, 98, 689
61, 99, 237
62, 63, 802
62, 64, 779
62, 65, 625
62, 66, 583
62, 67, 487
62, 68, 278
62, 69, 197
62, 70, 297
62, 71, 129
62, 72, 5
62, 73, 670
62, 74, 3
62, 75, 981
62, 76, 449
62, 77, 988
62, 78, 649
62, 79, 535
62, 80, 92
62, 81, 439
62, 82, 353
62, 83, 59
62, 84, 591
62, 85, 543
62, 86, 410
62, 87, 202
62, 88, 713
62, 89, 109
62, 90, 165
62, 91, 539
62, 92, 836
62, 93, 54
62, 94, 237
62, 95, 348
62, 96, 867
62, 97, 193
62, 98, 473
62, 99, 748
63, 64, 262
63, 65, 498
63, 66, 309
63, 67, 684
63, 68, 114
63, 69, 140
63, 70, 984
63, 71, 624
63, 72, 961
63, 73, 597
63, 74, 701
63, 75, 913
63, 76, 48
63, 77, 171
63, 78, 855
63, 79, 766
63, 80, 946
63, 81, 48
63, 82, 400
63, 83, 424
63, 84, 134
63, 85, 914
63, 86, 641
63, 87, 88
63, 88, 477
63, 89, 102
63, 90, 257
63, 91, 568
63, 92, 836
63, 93, 412
63, 94, 815
63, 95, 164
63, 96, 217
63, 97, 361
63, 98, 289
63, 99, 518
64, 65, 349
64, 66, 325
64, 67, 922
64, 68, 869
64, 69, 752
64, 70, 936
64, 71, 652
64, 72, 709
64, 73, 649
64, 74, 988
64, 75, 319
64, 76, 372
64, 77, 147
64, 78, 210
64, 79, 375
64, 80, 494
64, 81, 37
64, 82, 713
64, 83, 321
64, 84, 889
64, 85, 350
64, 86, 417
64, 87, 467
64, 88, 435
64, 89, 108
64, 90, 249
64, 91, 103
64, 92, 118
64, 93, 88
64, 94, 456
64, 95, 247
64, 96, 820
64, 97, 392
64, 98, 621
64, 99, 917
65, 66, 654
65, 67, 209
65, 68, 912
65, 69, 587
65, 70, 836
65, 71, 209
65, 72, 165
65, 73, 753
65, 74, 385
65, 75, 711
65, 76, 985
65, 77, 398
65, 78, 248
65, 79, 774
65, 80, 408
65, 81, 791
65, 82, 254
65, 83, 488
65, 84, 500
65, 85, 56
65, 86, 660
65, 87, 590
65, 88, 440
65, 89, 739
65, 90, 392
65, 91, 902
65, 92, 154
65, 93, 765
65, 94, 608
65, 95, 147
65, 96, 434
65, 97, 5
65, 98, 618
65, 99, 549
66, 67, 562
66, 68, 250
66, 69, 976
66, 70, 733
66, 71, 723
66, 72, 912
66, 73, 939
66, 74, 405
66, 75, 179
66, 76, 34
66, 77, 559
66, 78, 891
66, 79, 594
66, 80, 793
66, 81, 507
66, 82, 999
66, 83, 64
66, 84, 563
66, 85, 632
66, 86, 97
66, 87, 806
66, 88, 65
66, 89, 265
66, 90, 564
66, 91, 469
66, 92, 458
66, 93, 639
66, 94, 421
66, 95, 953
66, 96, 934
66, 97, 136
66, 98, 223
66, 99, 999
67, 68, 596
67, 69, 644
67, 70, 537
67, 71, 474
67, 72, 906
67, 73, 163
67, 74, 100
67, 75, 638
67, 76, 690
67, 77, 640
67, 78, 34
67, 79, 11
67, 80, 231
67, 81, 253
67, 82, 239
67, 83, 123
67, 84, 21
67, 85, 227
67, 86, 300
67, 87, 180
67, 88, 57
67, 89, 506
67, 90, 962
67, 91, 869
67, 92, 250
67, 93, 443
67, 94, 299
67, 95, 185
67, 96, 958
67, 97, 816
67, 98, 463
67, 99, 812
68, 69, 271
68, 70, 597
68, 71, 616
68, 72, 363
68, 73, 879
68, 74, 456
68, 75, 462
68, 76, 605
68, 77, 71
68, 78, 778
68, 79, 291
68, 80, 202
68, 81, 797
68, 82, 308
68, 83, 650
68, 84, 367
68, 85, 96
68, 86, 893
68, 87, 201
68, 88, 321
68, 89, 457
68, 90, 86
68, 91, 797
68, 92, 664
68, 93, 774
68, 94, 636
68, 95, 107
68, 96, 887
68, 97, 769
68, 98, 72
68, 99, 388
69, 70, 411
69, 71, 408
69, 72, 420
69, 73, 312
69, 74, 93
69, 75, 644
69, 76, 786
69, 77, 188
69, 78, 981
69, 79, 3
69, 80, 474
69, 81, 721
69, 82, 208
69, 83, 836
69, 84, 114
69, 85, 408
69, 86, 673
69, 87, 901
69, 88, 947
69, 89, 741
69, 90, 224
69, 91, 715
69, 92, 14
69, 93, 190
69, 94, 123
69, 95, 575
69, 96, 251
69, 97, 972
69, 98, 821
69, 99, 937
70, 71, 994
70, 72, 241
70, 73, 166
70, 74, 525
70, 75, 502
70, 76, 647
70, 77, 389
70, 78, 682
70, 79, 609
70, 80, 776
70, 81, 368
70, 82, 799
70, 83, 166
70, 84, 966
70, 85, 970
70, 86, 273
70, 87, 166
70, 88, 902
70, 89, 30
70, 90, 218
70, 91, 393
70, 92, 405
70, 93, 205
70, 94, 490
70, 95, 981
70, 96, 401
70, 97, 334
70, 98, 491
70, 99, 38
71, 72, 959
71, 73, 685
71, 74, 833
71, 75, 83
71, 76, 498
71, 77, 433
71, 78, 222
71, 79, 298
71, 80, 5
71, 81, 727
71, 82, 509
71, 83, 111
71, 84, 183
71, 85, 175
71, 86, 777
71, 87, 866
71, 88, 668
71, 89, 153
71, 90, 558
71, 91, 531
71, 92, 697
71, 93, 208
71, 94, 466
71, 95, 363
71, 96, 434
71, 97, 572
71, 98, 191
71, 99, 220
72, 73, 399
72, 74, 340
72, 75, 195
72, 76, 934
72, 77, 819
72, 78, 22
72, 79, 268
72, 80, 964
72, 81, 509
72, 82, 182
72, 83, 667
72, 84, 38
72, 85, 215
72, 86, 318
72, 87, 452
72, 88, 605
72, 89, 274
72, 90, 321
72, 91, 685
72, 92, 857
72, 93, 351
72, 94, 811
72, 95, 539
72, 96, 851
72, 97, 789
72, 98, 749
72, 99, 950
73, 74, 493
73, 75, 55
73, 76, 234
73, 77, 610
73, 78, 646
73, 79, 114
73, 80, 811
73, 81, 792
73, 82, 23
73, 83, 525
73, 84, 225
73, 85, 66
73, 86, 400
73, 87, 711
73, 88, 634
73, 89, 367
73, 90, 786
73, 91, 828
73, 92, 121
73, 93, 129
73, 94, 790
73, 95, 846
73, 96, 614
73, 97, 744
73, 98, 429
73, 99, 811
74, 75, 956
74, 76, 445
74, 77, 862
74, 78, 990
74, 79, 305
74, 80, 619
74, 81, 794
74, 82, 355
74, 83, 574
74, 84, 500
74, 85, 525
74, 86, 491
74, 87, 250
74, 88, 268
74, 89, 455
74, 90, 370
74, 91, 356
74, 92, 412
74, 93, 804
74, 94, 386
74, 95, 94
74, 96, 274
74, 97, 149
74, 98, 282
74, 99, 968
75, 76, 94
75, 77, 579
75, 78, 772
75, 79, 963
75, 80, 966
75, 81, 837
75, 82, 666
75, 83, 863
75, 84, 300
75, 85, 624
75, 86, 439
75, 87, 214
75, 88, 873
75, 89, 698
75, 90, 385
75, 91, 169
75, 92, 309
75, 93, 758
75, 94, 15
75, 95, 822
75, 96, 857
75, 97, 20
75, 98, 317
75, 99, 358
76, 77, 833
76, 78, 650
76, 79, 439
76, 80, 992
76, 81, 177
76, 82, 537
76, 83, 314
76, 84, 121
76, 85, 499
76, 86, 246
76, 87, 799
76, 88, 628
76, 89, 815
76, 90, 810
76, 91, 803
76, 92, 795
76, 93, 189
76, 94, 980
76, 95, 166
76, 96, 367
76, 97, 805
76, 98, 217
76, 99, 713
77, 78, 711
77, 79, 67
77, 80, 404
77, 81, 237
77, 82, 396
77, 83, 686
77, 84, 678
77, 85, 525
77, 86, 880
77, 87, 61
77, 88, 353
77, 89, 303
77, 90, 835
77, 91, 223
77, 92, 389
77, 93, 306
77, 94, 769
77, 95, 489
77, 96, 184
77, 97, 261
77, 98, 822
77, 99, 653
78, 79, 227
78, 80, 281
78, 81, 675
78, 82, 273
78, 83, 750
78, 84, 324
78, 85, 591
78, 86, 640
78, 87, 747
78, 88, 588
78, 89, 295
78, 90, 130
78, 91, 53
78, 92, 11
78, 93, 215
78, 94, 606
78, 95, 58
78, 96, 916
78, 97, 284
78, 98, 348
78, 99, 573
79, 80, 114
79, 81, 227
79, 82, 336
79, 83, 374
79, 84, 397
79, 85, 491
79, 86, 778
79, 87, 349
79, 88, 382
79, 89, 663
79, 90, 361
79, 91, 454
79, 92, 774
79, 93, 279
79, 94, 541
79, 95, 86
79, 96, 859
79, 97, 668
79, 98, 401
79, 99, 27
80, 81, 677
80, 82, 592
80, 83, 687
80, 84, 905
80, 85, 888
80, 86, 893
80, 87, 668
80, 88, 643
80, 89, 335
80, 90, 425
80, 91, 340
80, 92, 610
80, 93, 351
80, 94, 170
80, 95, 885
80, 96, 931
80, 97, 345
80, 98, 980
80, 99, 688
81, 82, 59
81, 83, 630
81, 84, 530
81, 85, 790
81, 86, 809
81, 87, 168
81, 88, 138
81, 89, 591
81, 90, 778
81, 91, 474
81, 92, 622
81, 93, 328
81, 94, 641
81, 95, 125
81, 96, 133
81, 97, 305
81, 98, 295
81, 99, 294
82, 83, 920
82, 84, 75
82, 85, 353
82, 86, 42
82, 87, 772
82, 88, 746
82, 89, 320
82, 90, 372
82, 91, 766
82, 92, 174
82, 93, 451
82, 94, 32
82, 95, 617
82, 96, 521
82, 97, 268
82, 98, 500
82, 99, 70
83, 84, 565
83, 85, 205
83, 86, 426
83, 87, 853
83, 88, 186
83, 89, 202
83, 90, 81
83, 91, 994
83, 92, 356
83, 93, 22
83, 94, 547
83, 95, 451
83, 96, 380
83, 97, 307
83, 98, 84
83, 99, 139
84, 85, 672
84, 86, 985
84, 87, 975
84, 88, 960
84, 89, 337
84, 90, 983
84, 91, 573
84, 92, 778
84, 93, 377
84, 94, 958
84, 95, 131
84, 96, 497
84, 97, 215
84, 98, 588
84, 99, 985
85, 86, 104
85, 87, 716
85, 88, 704
85, 89, 504
85, 90, 437
85, 91, 146
85, 92, 670
85, 93, 684
85, 94, 506
85, 95, 24
85, 96, 561
85, 97, 99
85, 98, 468
85, 99, 145
86, 87, 107
86, 88, 381
86, 89, 133
86, 90, 112
86, 91, 83
86, 92, 743
86, 93, 356
86, 94, 706
86, 95, 761
86, 96, 693
86, 97, 288
86, 98, 550
86, 99, 293
87, 88, 773
87, 89, 159
87, 90, 176
87, 91, 470
87, 92, 447
87, 93, 464
87, 94, 636
87, 95, 7
87, 96, 771
87, 97, 695
87, 98, 281
87, 99, 231
88, 89, 924
88, 90, 327
88, 91, 688
88, 92, 992
88, 93, 452
88, 94, 208
88, 95, 967
88, 96, 8
88, 97, 302
88, 98, 953
88, 99, 86
89, 90, 644
89, 91, 824
89, 92, 811
89, 93, 459
89, 94, 905
89, 95, 833
89, 96, 619
89, 97, 408
89, 98, 236
89, 99, 180
90, 91, 937
90, 92, 919
90, 93, 505
90, 94, 565
90, 95, 78
90, 96, 641
90, 97, 396
90, 98, 885
90, 99, 931
91, 92, 965
91, 93, 679
91, 94, 812
91, 95, 289
91, 96, 867
91, 97, 196
91, 98, 705
91, 99, 853
92, 93, 593
92, 94, 284
92, 95, 709
92, 96, 827
92, 97, 346
92, 98, 165
92, 99, 681
93, 94, 905
93, 95, 269
93, 96, 173
93, 97, 892
93, 98, 253
93, 99, 8
94, 95, 605
94, 96, 940
94, 97, 844
94, 98, 139
94, 99, 527
95, 96, 121
95, 97, 399
95, 98, 793
95, 99, 833
96, 97, 749
96, 98, 995
96, 99, 695
97, 98, 301
97, 99, 184
98, 99, 893
